start=63.458000
pause=yes
volume=85.000000
