start=3532.612000
speed=1.300000
pause=yes
volume=76.000000
fullscreen=yes
