start=1229.125684
speed=1.600000
