start=5201.760000
volume=89.000000
fullscreen=yes
sub-delay=-14.000017
