start=2560.750000
speed=0.800000
pause=yes
volume=93.000000
fullscreen=yes
sid=6
