start=4764.486928
speed=2.000000
volume=60.000000
fullscreen=yes
