start=610.876933
volume=68.000000
fullscreen=yes
