start=2792.415000
pause=yes
volume=89.000000
fullscreen=yes
sid=1
