start=920.044000
pause=yes
volume=108.000000
sid=1
