start=509.103000
volume=70.000000
fullscreen=yes
