start=526.443000
speed=1.100000
pause=yes
volume=95.000000
sid=1
