start=3776.506067
volume=50.000000
sid=no
ab-loop-a=1.534867
