start=2006.440000
pause=yes
volume=76.000000
sid=2
