start=1037.700000
speed=1.100000
volume=101.000000
aid=1
sid=2
