start=1416.415000
volume=61.000000
fullscreen=yes
