start=361.445000
volume=56.000000
fullscreen=yes
sid=1
