start=1444.403000
speed=1.200000
pause=yes
volume=70.000000
fullscreen=yes
