start=641.000000
volume=76.000000
fullscreen=yes
